goal:
 x: 18.
 yVal: 700.
 psi: 1.5701
 tol: 25.  # NOTE this is a bit redundant with the tolerance fx and fy

X0:
 x: 6.0
 yVal: 0.0
 v: 0.0
 r: 0.0
 psi: 1.57079632679
 sa: 0.0
 ux: 17.0
 ax: 0.0

obstacle:
 num: 38
 radius: [6.,6.,0.38735,0.38735,0.38735,0.38735,0.38735,0.38735,0.38735,0.38735,0.38735,0.38735,0.38735,0.38735,0.38735,0.38735,0.38735,0.38735,0.38735,0.38735,0.38735,0.38735,0.38735,0.38735,0.38735,0.38735,0.38735,0.38735,0.38735,0.38735,0.38735,0.38735,0.38735,0.38735,0.38735,0.38735,0.38735,0.38735]
 length: [5.,5.,5.,5.,5.,5.,5.,5.,5.,5.,5.,5.,5.,5.,5.,5.,5.,5.,5.,5.,5.,5.,5.,5.,5.,5.,5.,5.,5.,5.,5.,5.,5.,5.,5.,5.,5.,5.]
 x0: [6.0,18.0,12.,12.,12.,12.,12.,12.,12.,12.,12.,12.,12.,12.,12.,12.,12.,12.,12.,12.,12.,12.,12.,12.,12.,12.,12.,12.,12.,12.,12.,12.,12.,12.,12.,12.,12.,12.]
 y0: [281.,393.,0.,5.,10.,15.,20.,25.,30.,35.,40.,45.,50.,55.,60.,65.,70.,75.,80.,85.,90.,95.,100.,105.,110.,115.,120.,125.,130.,135.,140.,145.,150.,155.,160.,165.,170.,175.]
 vx: [0.0,0.0,0.0,0.0,0.0,0.0,0.0,0.0,0.0,0.0,0.0,0.0,0.0,0.0,0.0,0.0,0.0,0.0,0.0,0.0,0.0,0.0,0.0,0.0,0.0,0.0,0.0,0.0,0.0,0.0,0.0,0.0,0.0,0.0,0.0,0.0,0.0,0.0]
 vy: [0.0,0.0,0.0,0.0,0.0,0.0,0.0,0.0,0.0,0.0,0.0,0.0,0.0,0.0,0.0,0.0,0.0,0.0,0.0,0.0,0.0,0.0,0.0,0.0,0.0,0.0,0.0,0.0,0.0,0.0,0.0,0.0,0.0,0.0,0.0,0.0,0.0,0.0]
