hmmwv_chrono:
 # initial position
 X0:
  x: 200.0
  yVal: 0.0
  z: 0.5
  v: 0.0
  r: 0.0
  yaw: 1.57079632679
  pitch: 0.0
  roll: 0.0
  sa: 0.0
  ux: 0.0
  ax: 0.0
  v_des: 12

#Trajectory Points
 traj:
  t_traj: [0.0 2.0 3.0 4.0 5.0]
  x_traj: [199.989, 199.989, 199.989, 199.985, 199.959, 199.882, 199.715, 199.463, 199.19, 198.992,198.943, 198.724, 198.15, 197.127, 195.701, 194.168, 192.939, 192.241, 192.085, 191.439, 190.569, 190.919, 193.045, 195.393, 196.104]
  y_traj: [0.0381458, 0.0433473, 0.0791504, 0.263096, 0.797216, 1.82058, 3.2641, 4.85751, 6.24848, 7.12986, 7.34851, 8.22214, 10.2693, 13.3859, 17.2667, 21.3574, 24.9169, 27.1953, 27.7639, 30.3015, 35.8857, 43.2004, 49.8849, 53.9329, 54.8829]
  sa_traj: [0.0 0.0 0.0 0.0 0.0 0.0]
  throttle_input: [2.5 2.5 2.5 2.5 2.5 2.5]
  brk_traj: [0.0 0.0 0.0 0.0 0.0 0.0]
#GUI On or Off (set TRUE for on, FALSE for off)
 gui_status: TRUE

 chrono: #Delete this and use Huck's state/
  state:
   t: 0.0
   x: 0.0
   yVal: 0.0
   ux: 0.0 #Vx
   v: 0.0 #Vy
   ax: 0.0
   psi: 0.0 #yaw
   r: 0.0 #yaw rate
   sa: 0.0

   control:
    thr: 0.0
    brk: 0.0
    str: 0.0

 vehicle_parameters:
   mass: 0.0
   Izz: 0.0
   la: 0.0
   lb: 0.0
