goal:
 x: 18.
 yVal: 700.
 psi: 1.5701
 tol: 15.  # NOTE this is a bit redundant with the tolerance fx and fy

X0:
 x: 6.0
 yVal: 0.0
 v: 0.0
 r: 0.0
 psi: 1.57079632679
 sa: 0.0
 ux: 17.0
 ax: 0.0

obstacle:
 num: 10
 radius: [6.,6.,0.38735,0.38735,0.38735,0.38735,0.38735,0.38735,0.38735,0.38735]
 length: [5.,5.,5.,5.,5.,5.,5.,5.,5.,5.]
 x0: [6.0,18.0,12.,12.,12.,12.,12.,12.,12.,12.]
 y0: [281.,393.,0.,25.,50.,75.,100.,125.,150.,175.]
 vx: [0.0,0.0,0.0,0.0,0.0,0.0,0.0,0.0,0.0,0.0]
 vy: [0.0,0.0,0.0,0.0,0.0,0.0,0.0,0.0,0.0,0.0]
